18
39
35
79
91
53
26
13
52
93
30
91
82
26
19
74
18
27
78
66
4
63
95
7
36
98
96
76
53
19
49
71
19
67
23
70
90
71
13
68
15
2
96
83
14
64
12
19
97
69
16
97
44
70
16
69
25
17
15
43
66
87
11
49
80
3
63
38
52
41
28
65
65
40
71
2
48
66
20
94
99
40
80
59
88
70
58
9
63
86
31
70
94
25
96
64
74
74
79
11
47
29
35
3
88
95
76
11
57
27
58
86
67
48
37
17
63
97
45
35
60
99
80
36
37
29
81
51
68
50
88
83
72
57
2
52
17
59
40
37
82
30
65
24
47
28
7
74
52
15
20
12
77
64
17
28
94
82
24
57
39
65
22
18
14
7
29
79
52
1
33
21
2
98
36
67
5
74
3
82
73
26
83
97
63
86
70
8
49
17
22
25
11
59
90
66
52
36
10
0
5
68
31
89
36
72
88
1
89
90
97
74
89
6
63
4
11
85
7
96
86
11
87
18
23
47
52
6
66
29
9
45
71
9
98
63
66
18
51
73
3
77
13
21
36
64
14
85
44
30
39
93
23
97
42
57
18
17
24
24
85
65
74
67
27
29
94
78
86
49
75
45
8
35
43
19
80
26
34
44
21
2
40
11
75
9
51
89
57
40
8
0
56
19
62
56
50
59
18
43
79
84
73
75
49
99
86
92
94
47
6
73
75
83
92
45
41
44
68
83
60
25
45
35
32
84
3
94
65
60
58
10
12
22
86
19
12
88
19
26
67
41
74
11
66
67
64
57
14
56
14
42
70
78
94
92
95
11
76
25
17
44
85
80
65
47
65
63
97
96
85
30
35
43
32
33
70
1
5
93
21
66
78
47
45
2
37
70
97
91
21
57
63
29
58
27
76
59
92
78
21
89
12
14
34
96
48
58
84
42
69
19
80
12
40
28
70
13
7
94
30
44
69
81
99
12
62
52
18
20
10
96
47
44
51
2
82
55
4
88
63
48
62
89
95
5
26
49
0
85
41
44
15
45
98
24
1
66
66
58
97
40
96
22
38
1
48
62
84
26
70
67
74
92
13
32
56
27
82
33
22
19
64
90
22
71
16
18
1
70
11
55
79
76
40
56
29
43
29
64
64
23
97
67
85
97
76
68
89
41
74
99
45
35
86
71
18
69
72
3
79
58
19
80
34
60
64
52
33
8
22
62
18
53
34
1
69
98
48
42
6
38
14
32
21
93
36
87
24
59
80
48
87
90
25
56
17
54
62
99
71
15
94
6
97
28
78
56
41
34
22
95
0
97
15
74
74
37
12
18
21
51
84
0
91
58
44
62
61
28
55
21
18
23
22
69
12
94
40
56
17
54
53
49
53
78
59
40
77
61
66
73
59
95
34
57
50
6
50
41
7
62
89
12
86
11
81
12
62
96
39
49
94
60
62
22
75
39
6
64
32
7
2
56
1
51
0
68
5
84
90
23
46
76
43
87
24
87
62
58
94
60
23
16
62
69
57
69
62
73
14
64
90
80
8
66
96
87
97
56
1
22
18
76
3
81
69
64
46
15
13
10
81
1
16
7
36
98
77
41
88
80
93
34
91
94
9
14
67
0
46
64
38
27
55
84
29
59
53
67
82
76
7
75
27
60
82
4
15
78
71
81
11
50
80
61
28
39
47
70
33
65
55
33
38
13
74
51
25
65
8
57
60
45
30
28
98
64
25
7
68
91
90
34
17
86
41
70
34
78
83
32
48
6
28
97
41
49
12
23
98
57
83
89
1
0
2
90
81
7
6
40
39
35
13
86
74
38
93
86
4
65
30
24
72
91
94
10
28
31
3
42
29
48
3
85
53
55
15
41
57
62
88
94
82
9
96
30
26
75
61
34
27
83
2
15
63
57
67
88
68
88
39
24
74
82
34
47
42
10
2
50
16
17
4
85
22
26
40
53
99
70
47
48
57
24
96
62
96
54
25
92
86
3
57
58
88
43
69
80
46
41
24
33
78
30
57
39
35
50
94
54
40
22
37
19
0
71
96
85
5
22
23
17
62
63
48
35
79
76
41
52
2
98
95
35
56
16
33
5
59
62
72
78
82
91
24
61
29
26
2
59
51
80
16
24
51
38
89
97
73
49
64
71
30
43
13
41
35
59
49
88
28
44
9
85
24
65
59
2
25
49
80
35
15
56
25
80
30
75
10
16
23
20
95
88
87
2
36
6
73
40
23
14
29
92
23
35
50
53
25
0
42
28
49
87
19
29
15
39
66
30
73
96
26
52
21
32
46
48
66
15
37
5
69
15
86
55
24
5
61
0
43
92
94
73
78
81
63
4
0
38
18
11
86
97
77
31
77
61
95
8
72
63
56
40
12
37
70
98
28
27
37
27
94
53
76
34
17
70
0
4
81
18
54
58
38
90
41
28
77
41
65
93
26
67
3
90
40
79
32
87
8
53
29
95
68
92
97
48
52
17
25
0
98
75
97
44
56
29
54
71
84
55
88
56
71
96
99
84
66
54
62
4
69
44
63
99
47
71
49
4
85
35
91
50
14
36
98
96
94
59
44
49
95
29
65
69
16
28
44
4
30
73
71
84
42
82
83
83
98
44
98
37
33
64
60
76
23
50
32
44
43
36
84
44
56
86
76
37
49
36
73
62
14
59
2
76
9
12
9
79
4
26
95
49
64
63
60
58
79
20
17
5
61
83
66
80
98
32
6
22
78
95
36
12
84
79
63
33
50
5
27
73
12
86
19
55
45
30
89
59
59
46
66
73
43
68
97
5
5
52
93
3
0
13
5
86
69
10
84
25
15
48
99
97
11
62
40
44
24
49
26
69
37
0
49
49
95
0
26
90
96
49
13
58
90
92
3
51
46
21
4
72
23
55
0
46
32
5
12
81
35
58
77
80
0
27
97
90
55
59
95
60
44
89
74
67
21
6
58
95
65
85
75
12
86
11
78
15
73
46
82
21
24
47
39
78
72
64
21
87
19
49
7
48
11
90
51
46
2
16
90
37
92
17
2
85
52
33
45
66
52
89
39
56
4
77
1
72
77
92
57
59
8
73
34
69
14
21
34
4
46
95
8
60
78
33
95
49
84
59
85
21
80
27
68
80
35
28
55
34
18
9
36
84
50
34
33
30
10
34
5
21
60
94
48
71
55
35
57
14
53
64
95
76
65
83
51
88
28
64
42
76
87
26
85
45
89
62
2
51
12
17
45
58
66
18
22
84
56
27
93
5
63
99
40
41
35
81
73
89
73
33
17
45
92
93
44
8
24
68
50
23
27
77
57
86
36
37
4
34
56
43
40
54
96
51
46
6
92
36
68
54
93
87
49
44
20
50
13
22
68
18
97
84
20
41
18
44
64
19
34
5
47
18
28
6
91
40
12
33
84
71
78
85
25
24
31
82
15
94
25
40
31
35
1
23
99
90
62
18
55
89
47
97
30
64
66
63
33
25
40
72
9
60
50
5
21
64
28
41
88
83
38
75
33
26
3
11
33
8
77
49
41
7
30
3
31
89
46
40
84
48
5
99
40
96
47
82
80
39
44
80
46
56
63
71
37
34
6
47
87
67
32
66
24
83
1
23
54
27
79
60
25
99
36
84
76
82
86
67
97
17
15
50
52
85
3
3
11
15
71
43
87
32
36
38
42
4
17
98
42
5
56
59
33
99
33
81
17
49
7
70
50
44
25
45
6
46
28
6
13
39
42
24
7
85
8
60
60
95
3
68
78
24
26
31
74
23
96
45
66
96
60
46
97
19
54
73
53
18
73
21
2
16
96
59
85
86
84
55
87
1
8
57
0
71
11
84
30
30
97
69
54
62
24
20
8
86
40
52
11
8
53
71
68
48
17
11
58
49
42
10
17
94
84
85
49
57
34
31
45
36
58
55
90
14
41
28
18
55
78
34
35
96
16
64
2
9
94
15
29
50
56
28
97
10
97
97
36
79
84
5
98
95
67
1
42
67
84
87
7
47
32
50
93
12
9
13
71
40
48
85
52
52
73
11
17
0
48
27
41
0
93
89
1
18
14
17
29
25
50
88
4
68
83
84
78
35
79
91
35
82
81
40
46
65
15
69
25
18
38
83
27
67
49
87
19
14
55
67
56
46
68
13
15
98
97
68
36
12
88
3
81
24
46
55
37
24
6
46
73
29
44
53
86
43
29
6
24
46
93
35
59
41
47
85
76
17
12
4
26
12
66
87
80
80
52
44
17
90
28
81
79
39
23
40
14
68
56
73
62
31
97
14
83
83
33
29
37
49
64
14
99
96
78
40
78
94
85
59
32
86
91
88
22
56
50
25
97
50
86
66
51
44
33
22
82
57
4
73
60
29
26
7
9
16
19
67
98
61
58
20
1
48
45
60
56
69
62
47
38
67
11
84
9
64
30
45
45
19
85
60
51
4
75
81
44
40
41
55
86
84
87
69
49
6
99
4
53
60
49
17
98
11
0
31
95
36
64
1
50
98
86
99
13
50
87
41
80
98
92
77
61
46
86
47
71
86
78
96
68
36
55
47
67
48
51
27
86
60
70
28
33
5
66
27
26
16
57
48
68
60
94
13
8
16
96
97
24
46
1
60
31
83
8
15
56
98
82
50
76
4
82
7
98
78
26
9
52
0
36
92
37
29
32
1
81
74
32
92
36
25
79
77
66
55
77
46
20
54
29
94
92
46
90
94
33
53
23
51
61
37
6
86
27
68
83
15
46
61
58
92
46
23
48
18
29
78
54
22
1
11
92
59
50
35
31
93
69
49
7
49
86
26
68
90
51
48
56
60
35
57
86
16
69
11
17
95
76
84
55
18
99
35
84
66
22
83
97
41
51
91
91
54
4
72
63
58
68
22
65
3
35
83
0
50
82
55
47
47
54
67
55
59
63
40
21
87
36
77
78
29
43
52
37
68
37
57
14
8
98
21
28
18
98
28
6
73
40
74
55
45
19
71
42
7
16
6
25
18
0
21
15
40
48
18
71
64
84
34
93
23
52
81
83
63
71
99
6
12
10
18
39
21
76
91
96
69
94
10
64
56
45
94
93
12
64
79
27
26
73
51
15
67
85
89
40
83
66
0
97
17
38
75
31
30
46
11
98
32
21
93
6
20
5
48
54
34
60
52
7
20
42
93
59
40
87
58
48
28
36
30
96
69
39
98
77
24
57
61
57
22
99
41
4
84
8
14
28
59
72
16
73
89
38
55
5
41
79
24
90
11
89
14
88
3
6
62
36
65
61
0
69
89
30
96
6
42
2
48
99
46
33
87
63
70
52
35
7
71
54
71
10
79
25
52
3
66
49
44
8
52
77
20
94
15
62
95
85
92
1
88
92
21
25
4
29
38
72
56
85
55
31
80
55
12
95
96
12
91
61
26
89
80
53
85
64
51
55
31
4
55
63
50
80
76
49
47
4
78
58
9
39
85
36
0
46
51
82
53
55
3
6
24
46
18
64
84
13
77
77
35
94
4
79
38
29
78
32
85
89
72
49
30
1
94
11
49
77
47
20
9
85
48
30
46
19
19
22
19
32
79
27
92
63
36
4
84
53
12
50
35
72
26
92
85
93
57
44
37
31
36
20
83
48
41
1
71
51
51
21
6
51
71
74
73
35
50
99
14
3
46
80
62
64
8
97
2
27
4
30
13
32
37
36
4
79
52
73
52
39
50
4
14
43
17
31
99
2
69
7
33
79
24
73
89
66
19
12
5
20
76
49
39
15
83
50
10
28
2
72
45
11
6
54
21
54
99
48
26
12
70
50
45
66
80
61
47
58
86
32
93
37
92
73
93
19
63
80
76
7
96
12
69
28
63
8
96
61
99
30
55
76
52
51
86
99
76
74
36
17
83
24
34
63
46
4
84
9
4
16
68
66
74
33
80
15
60
2
5
53
5
85
69
3
18
82
92
45
74
0
18
51
72
83
80
89
33
23
10
27
69
81
15
95
89
62
78
8
75
36
51
30
51
91
95
57
95
39
89
18
21
54
40
69
75
10
18
36
90
79
22
56
79
14
16
41
13
4
38
35
19
63
25
44
74
93
88
42
64
34
4
14
68
85
70
70
62
19
39
96
73
92
31
21
67
86
62
65
62
54
64
19
33
13
89
45
96
20
43
9
27
25
4
75
11
95
64
56
79
61
33
0
51
86
27
10
52
27
90
11
49
37
66
2
23
23
91
67
40
31
31
93
96
59
66
74
52
94
65
74
83
82
9
12
30
47
27
18
38
94
58
9
66
69
69
2
16
17
88
32
56
84
62
67
99
45
57
29
96
78
14
80
17
0
41
44
97
5
52
19
42
49
50
98
85
47
42
86
43
84
13
80
87
32
65
30
25
56
56
35
62
24
93
29
98
10
38
4
97
40
23
62
38
77
0
72
83
62
50
75
40
6
51
28
52
41
7
14
83
44
91
31
28
20
97
91
44
12
40
60
25
16
84
96
41
16
43
61
2
37
37
71
88
92
52
44
54
36
24
16
89
97
99
86
91
16
19
87
8
67
38
34
49
35
53
8
98
16
95
24
21
90
27
10
61
47
59
59
15
69
83
61
80
3
23
8
65
97
74
61
57
74
20
22
60
24
92
3
20
30
49
78
63
26
59
37
11
65
71
94
35
16
69
81
53
54
17
83
89
87
36
62
56
73
40
35
41
37
10
94
28
20
8
44
22
44
38
12
75
42
23
16
78
94
93
26
22
67
93
35
74
73
11
66
96
79
15
67
64
90
84
26
31
93
34
22
16
82
14
34
5
22
94
20
83
7
33
